#Exponential symmetric Input (p(x)=e^{-|x|}/2), tensor loss; n=8192, d=50, lr=0.00005
#Steps		Objective	weight_loss0	45224.421875	0.722980 
10	32655.125000	0.709545 
20	12985.052734	0.675530 
30	-702.958496	0.695610 
40	-12816.775391	0.669288 
50	-18197.058594	0.632453 
60	-20876.994141	0.585400 
70	-22669.574219	0.518236 
80	-22849.250000	0.386776 
90	-23498.140625	0.069562 
100	-23845.482422	0.000499 
110	-23847.267578	0.000502 
120	-23847.273438	0.000502 
130	-23847.275391	0.000502 
140	-23847.275391	0.000502 
150	-23847.275391	0.000502 
160	-23847.275391	0.000502 
170	-23847.275391	0.000502 
180	-23847.275391	0.000502 
190	-23847.275391	0.000502 
200	-23847.275391	0.000502 
210	-23847.275391	0.000502 
220	-23847.275391	0.000502 
230	-23847.275391	0.000502 
240	-23847.275391	0.000502 
250	-23847.275391	0.000502 
260	-23847.275391	0.000502 
270	-23847.275391	0.000502 
280	-23847.275391	0.000502 
290	-23847.275391	0.000502 
300	-23847.275391	0.000502 
310	-23847.275391	0.000502 
320	-23847.275391	0.000502 
330	-23847.275391	0.000502 
340	-23847.275391	0.000502 
350	-23847.275391	0.000502 
360	-23847.275391	0.000502 
370	-23847.275391	0.000502 
380	-23847.275391	0.000502 
390	-23847.275391	0.000502 
400	-23847.275391	0.000502 
410	-23847.275391	0.000502 
420	-23847.275391	0.000502 
430	-23847.275391	0.000502 
440	-23847.275391	0.000502 
450	-23847.275391	0.000502 
460	-23847.275391	0.000502 
470	-23847.275391	0.000502 
480	-23847.275391	0.000502 
490	-23847.275391	0.000502 
500	-23847.275391	0.000502 
510	-23847.275391	0.000502 
520	-23847.275391	0.000502 
530	-23847.275391	0.000502 
540	-23847.275391	0.000502 
550	-23847.275391	0.000502 
560	-23847.275391	0.000502 
570	-23847.275391	0.000502 
580	-23847.275391	0.000502 
590	-23847.275391	0.000502 
600	-23847.275391	0.000502 
610	-23847.275391	0.000502 
620	-23847.275391	0.000502 
630	-23847.275391	0.000502 
640	-23847.275391	0.000502 
650	-23847.275391	0.000502 
660	-23847.275391	0.000502 
670	-23847.275391	0.000502 
680	-23847.275391	0.000502 
690	-23847.275391	0.000502 
700	-23847.275391	0.000502 
710	-23847.275391	0.000502 
720	-23847.275391	0.000502 
730	-23847.275391	0.000502 
740	-23847.275391	0.000502 
750	-23847.275391	0.000502 
760	-23847.275391	0.000502 
770	-23847.275391	0.000502 
780	-23847.275391	0.000502 
790	-23847.275391	0.000502 
800	-23847.275391	0.000502 
810	-23847.275391	0.000502 
820	-23847.275391	0.000502 
830	-23847.275391	0.000502 
840	-23847.275391	0.000502 
850	-23847.275391	0.000502 
860	-23847.275391	0.000502 
870	-23847.275391	0.000502 
880	-23847.275391	0.000502 
890	-23847.275391	0.000502 
900	-23847.275391	0.000502 
910	-23847.275391	0.000502 
920	-23847.275391	0.000502 
930	-23847.275391	0.000502 
940	-23847.275391	0.000502 
950	-23847.275391	0.000502 
960	-23847.275391	0.000502 
970	-23847.275391	0.000502 
980	-23847.275391	0.000502 
990	-23847.275391	0.000502 
1000	-23847.275391	0.000502 
1010	-23847.275391	0.000502 
1020	-23847.275391	0.000502 
1030	-23847.275391	0.000502 
1040	-23847.275391	0.000502 
1050	-23847.275391	0.000502 
1060	-23847.275391	0.000502 
1070	-23847.275391	0.000502 
1080	-23847.275391	0.000502 
1090	-23847.275391	0.000502 
1100	-23847.275391	0.000502 
1110	-23847.275391	0.000502 
1120	-23847.275391	0.000502 
1130	-23847.275391	0.000502 
1140	-23847.275391	0.000502 
1150	-23847.275391	0.000502 
1160	-23847.275391	0.000502 
1170	-23847.275391	0.000502 
1180	-23847.275391	0.000502 
1190	-23847.275391	0.000502 
1200	-23847.275391	0.000502 
1210	-23847.275391	0.000502 
1220	-23847.275391	0.000502 
1230	-23847.275391	0.000502 
1240	-23847.275391	0.000502 
1250	-23847.275391	0.000502 
1260	-23847.275391	0.000502 
1270	-23847.275391	0.000502 
1280	-23847.275391	0.000502 
1290	-23847.275391	0.000502 
1300	-23847.275391	0.000502 
1310	-23847.275391	0.000502 
1320	-23847.275391	0.000502 
1330	-23847.275391	0.000502 
1340	-23847.275391	0.000502 
1350	-23847.275391	0.000502 
1360	-23847.275391	0.000502 
1370	-23847.275391	0.000502 
1380	-23847.275391	0.000502 
1390	-23847.275391	0.000502 
1400	-23847.275391	0.000502 
1410	-23847.275391	0.000502 
1420	-23847.275391	0.000502 
1430	-23847.275391	0.000502 
1440	-23847.275391	0.000502 
1450	-23847.275391	0.000502 
1460	-23847.275391	0.000502 
1470	-23847.275391	0.000502 
1480	-23847.275391	0.000502 
1490	-23847.275391	0.000502 
1500	-23847.275391	0.000502 
1510	-23847.275391	0.000502 
1520	-23847.275391	0.000502 
1530	-23847.275391	0.000502 
1540	-23847.275391	0.000502 
1550	-23847.275391	0.000502 
1560	-23847.275391	0.000502 
1570	-23847.275391	0.000502 
1580	-23847.275391	0.000502 
1590	-23847.275391	0.000502 
1600	-23847.275391	0.000502 
1610	-23847.275391	0.000502 
1620	-23847.275391	0.000502 
1630	-23847.275391	0.000502 
1640	-23847.275391	0.000502 
1650	-23847.275391	0.000502 
1660	-23847.275391	0.000502 
1670	-23847.275391	0.000502 
1680	-23847.275391	0.000502 
1690	-23847.275391	0.000502 
1700	-23847.275391	0.000502 
1710	-23847.275391	0.000502 
1720	-23847.275391	0.000502 
1730	-23847.275391	0.000502 
1740	-23847.275391	0.000502 
1750	-23847.275391	0.000502 
1760	-23847.275391	0.000502 
1770	-23847.275391	0.000502 
1780	-23847.275391	0.000502 
1790	-23847.275391	0.000502 
1800	-23847.275391	0.000502 
1810	-23847.275391	0.000502 
1820	-23847.275391	0.000502 
1830	-23847.275391	0.000502 
1840	-23847.275391	0.000502 
1850	-23847.275391	0.000502 
1860	-23847.275391	0.000502 
1870	-23847.275391	0.000502 
1880	-23847.275391	0.000502 
1890	-23847.275391	0.000502 
1900	-23847.275391	0.000502 
1910	-23847.275391	0.000502 
1920	-23847.275391	0.000502 
1930	-23847.275391	0.000502 
1940	-23847.275391	0.000502 
1950	-23847.275391	0.000502 
1960	-23847.275391	0.000502 
1970	-23847.275391	0.000502 
1980	-23847.275391	0.000502 
1990	-23847.275391	0.000502 
2000	-23847.275391	0.000502 
2010	-23847.275391	0.000502 
2020	-23847.275391	0.000502 
2030	-23847.275391	0.000502 
2040	-23847.275391	0.000502 
2050	-23847.275391	0.000502 
2060	-23847.275391	0.000502 
2070	-23847.275391	0.000502 
2080	-23847.275391	0.000502 
2090	-23847.275391	0.000502 
2100	-23847.275391	0.000502 
2110	-23847.275391	0.000502 
2120	-23847.275391	0.000502 
2130	-23847.275391	0.000502 
2140	-23847.275391	0.000502 
2150	-23847.275391	0.000502 
2160	-23847.275391	0.000502 
2170	-23847.275391	0.000502 
2180	-23847.275391	0.000502 
2190	-23847.275391	0.000502 
2200	-23847.275391	0.000502 
2210	-23847.275391	0.000502 
2220	-23847.275391	0.000502 
2230	-23847.275391	0.000502 
2240	-23847.275391	0.000502 
2250	-23847.275391	0.000502 
2260	-23847.275391	0.000502 
2270	-23847.275391	0.000502 
2280	-23847.275391	0.000502 
2290	-23847.275391	0.000502 
2300	-23847.275391	0.000502 
2310	-23847.275391	0.000502 
2320	-23847.275391	0.000502 
2330	-23847.275391	0.000502 
2340	-23847.275391	0.000502 
2350	-23847.275391	0.000502 
2360	-23847.275391	0.000502 
2370	-23847.275391	0.000502 
2380	-23847.275391	0.000502 
2390	-23847.275391	0.000502 
2400	-23847.275391	0.000502 
2410	-23847.275391	0.000502 
2420	-23847.275391	0.000502 
2430	-23847.275391	0.000502 
2440	-23847.275391	0.000502 
2450	-23847.275391	0.000502 
2460	-23847.275391	0.000502 
2470	-23847.275391	0.000502 
2480	-23847.275391	0.000502 
2490	-23847.275391	0.000502 
2500	-23847.275391	0.000502 
2510	-23847.275391	0.000502 
2520	-23847.275391	0.000502 
2530	-23847.275391	0.000502 
2540	-23847.275391	0.000502 
2550	-23847.275391	0.000502 
2560	-23847.275391	0.000502 
2570	-23847.275391	0.000502 
2580	-23847.275391	0.000502 
2590	-23847.275391	0.000502 
2600	-23847.275391	0.000502 
2610	-23847.275391	0.000502 
2620	-23847.275391	0.000502 
2630	-23847.275391	0.000502 
2640	-23847.275391	0.000502 
2650	-23847.275391	0.000502 
2660	-23847.275391	0.000502 
2670	-23847.275391	0.000502 
2680	-23847.275391	0.000502 
2690	-23847.275391	0.000502 
2700	-23847.275391	0.000502 
2710	-23847.275391	0.000502 
2720	-23847.275391	0.000502 
2730	-23847.275391	0.000502 
2740	-23847.275391	0.000502 
2750	-23847.275391	0.000502 
2760	-23847.275391	0.000502 
2770	-23847.275391	0.000502 
2780	-23847.275391	0.000502 
2790	-23847.275391	0.000502 
2800	-23847.275391	0.000502 
2810	-23847.275391	0.000502 
2820	-23847.275391	0.000502 
2830	-23847.275391	0.000502 
2840	-23847.275391	0.000502 
2850	-23847.275391	0.000502 
2860	-23847.275391	0.000502 
2870	-23847.275391	0.000502 
2880	-23847.275391	0.000502 
2890	-23847.275391	0.000502 
2900	-23847.275391	0.000502 
2910	-23847.275391	0.000502 
2920	-23847.275391	0.000502 
2930	-23847.275391	0.000502 
2940	-23847.275391	0.000502 
2950	-23847.275391	0.000502 
2960	-23847.275391	0.000502 
2970	-23847.275391	0.000502 
2980	-23847.275391	0.000502 
2990	-23847.275391	0.000502 
3000	-23847.275391	0.000502 
3010	-23847.275391	0.000502 
3020	-23847.275391	0.000502 
3030	-23847.275391	0.000502 
3040	-23847.275391	0.000502 
3050	-23847.275391	0.000502 
3060	-23847.275391	0.000502 
3070	-23847.275391	0.000502 
3080	-23847.275391	0.000502 
3090	-23847.275391	0.000502 
3100	-23847.275391	0.000502 
3110	-23847.275391	0.000502 
3120	-23847.275391	0.000502 
3130	-23847.275391	0.000502 
3140	-23847.275391	0.000502 
3150	-23847.275391	0.000502 
3160	-23847.275391	0.000502 
3170	-23847.275391	0.000502 
3180	-23847.275391	0.000502 
3190	-23847.275391	0.000502 
3200	-23847.275391	0.000502 
3210	-23847.275391	0.000502 
3220	-23847.275391	0.000502 
3230	-23847.275391	0.000502 
3240	-23847.275391	0.000502 
3250	-23847.275391	0.000502 
3260	-23847.275391	0.000502 
3270	-23847.275391	0.000502 
3280	-23847.275391	0.000502 
3290	-23847.275391	0.000502 
3300	-23847.275391	0.000502 
3310	-23847.275391	0.000502 
3320	-23847.275391	0.000502 
3330	-23847.275391	0.000502 
3340	-23847.275391	0.000502 
3350	-23847.275391	0.000502 
3360	-23847.275391	0.000502 
3370	-23847.275391	0.000502 
3380	-23847.275391	0.000502 
3390	-23847.275391	0.000502 
3400	-23847.275391	0.000502 
3410	-23847.275391	0.000502 
3420	-23847.275391	0.000502 
3430	-23847.275391	0.000502 
3440	-23847.275391	0.000502 
3450	-23847.275391	0.000502 
3460	-23847.275391	0.000502 
3470	-23847.275391	0.000502 
3480	-23847.275391	0.000502 
3490	-23847.275391	0.000502 
3500	-23847.275391	0.000502 
3510	-23847.275391	0.000502 
3520	-23847.275391	0.000502 
3530	-23847.275391	0.000502 
3540	-23847.275391	0.000502 
3550	-23847.275391	0.000502 
3560	-23847.275391	0.000502 
3570	-23847.275391	0.000502 
3580	-23847.275391	0.000502 
3590	-23847.275391	0.000502 
3600	-23847.275391	0.000502 
3610	-23847.275391	0.000502 
3620	-23847.275391	0.000502 
3630	-23847.275391	0.000502 
3640	-23847.275391	0.000502 
3650	-23847.275391	0.000502 
3660	-23847.275391	0.000502 
3670	-23847.275391	0.000502 
3680	-23847.275391	0.000502 
3690	-23847.275391	0.000502 
3700	-23847.275391	0.000502 
3710	-23847.275391	0.000502 
3720	-23847.275391	0.000502 
3730	-23847.275391	0.000502 
3740	-23847.275391	0.000502 
3750	-23847.275391	0.000502 
3760	-23847.275391	0.000502 
3770	-23847.275391	0.000502 
3780	-23847.275391	0.000502 
3790	-23847.275391	0.000502 
3800	-23847.275391	0.000502 
3810	-23847.275391	0.000502 
3820	-23847.275391	0.000502 
3830	-23847.275391	0.000502 
3840	-23847.275391	0.000502 
3850	-23847.275391	0.000502 
3860	-23847.275391	0.000502 
3870	-23847.275391	0.000502 
3880	-23847.275391	0.000502 
3890	-23847.275391	0.000502 
3900	-23847.275391	0.000502 
3910	-23847.275391	0.000502 
3920	-23847.275391	0.000502 
3930	-23847.275391	0.000502 
3940	-23847.275391	0.000502 
3950	-23847.275391	0.000502 
3960	-23847.275391	0.000502 
3970	-23847.275391	0.000502 
3980	-23847.275391	0.000502 
3990	-23847.275391	0.000502 
4000	-23847.275391	0.000502 
4010	-23847.275391	0.000502 
4020	-23847.275391	0.000502 
4030	-23847.275391	0.000502 
4040	-23847.275391	0.000502 
4050	-23847.275391	0.000502 
4060	-23847.275391	0.000502 
4070	-23847.275391	0.000502 
4080	-23847.275391	0.000502 
4090	-23847.275391	0.000502 
4100	-23847.275391	0.000502 
4110	-23847.275391	0.000502 
4120	-23847.275391	0.000502 
4130	-23847.275391	0.000502 
4140	-23847.275391	0.000502 
4150	-23847.275391	0.000502 
4160	-23847.275391	0.000502 
4170	-23847.275391	0.000502 
4180	-23847.275391	0.000502 
4190	-23847.275391	0.000502 
4200	-23847.275391	0.000502 
4210	-23847.275391	0.000502 
4220	-23847.275391	0.000502 
4230	-23847.275391	0.000502 
4240	-23847.275391	0.000502 
4250	-23847.275391	0.000502 
4260	-23847.275391	0.000502 
4270	-23847.275391	0.000502 
4280	-23847.275391	0.000502 
4290	-23847.275391	0.000502 
4300	-23847.275391	0.000502 
4310	-23847.275391	0.000502 
4320	-23847.275391	0.000502 
4330	-23847.275391	0.000502 
4340	-23847.275391	0.000502 
4350	-23847.275391	0.000502 
4360	-23847.275391	0.000502 
4370	-23847.275391	0.000502 
4380	-23847.275391	0.000502 
4390	-23847.275391	0.000502 
4400	-23847.275391	0.000502 
4410	-23847.275391	0.000502 
4420	-23847.275391	0.000502 
4430	-23847.275391	0.000502 
4440	-23847.275391	0.000502 
4450	-23847.275391	0.000502 
4460	-23847.275391	0.000502 
4470	-23847.275391	0.000502 
4480	-23847.275391	0.000502 
4490	-23847.275391	0.000502 
4500	-23847.275391	0.000502 
4510	-23847.275391	0.000502 
4520	-23847.275391	0.000502 
4530	-23847.275391	0.000502 
4540	-23847.275391	0.000502 
4550	-23847.275391	0.000502 
4560	-23847.275391	0.000502 
4570	-23847.275391	0.000502 
4580	-23847.275391	0.000502 
4590	-23847.275391	0.000502 
4600	-23847.275391	0.000502 
4610	-23847.275391	0.000502 
4620	-23847.275391	0.000502 
4630	-23847.275391	0.000502 
4640	-23847.275391	0.000502 
4650	-23847.275391	0.000502 
4660	-23847.275391	0.000502 
4670	-23847.275391	0.000502 
4680	-23847.275391	0.000502 
4690	-23847.275391	0.000502 
4700	-23847.275391	0.000502 
4710	-23847.275391	0.000502 
4720	-23847.275391	0.000502 
4730	-23847.275391	0.000502 
4740	-23847.275391	0.000502 
4750	-23847.275391	0.000502 
4760	-23847.275391	0.000502 
4770	-23847.275391	0.000502 
4780	-23847.275391	0.000502 
4790	-23847.275391	0.000502 
4800	-23847.275391	0.000502 
4810	-23847.275391	0.000502 
4820	-23847.275391	0.000502 
4830	-23847.275391	0.000502 
4840	-23847.275391	0.000502 
4850	-23847.275391	0.000502 
4860	-23847.275391	0.000502 
4870	-23847.275391	0.000502 
4880	-23847.275391	0.000502 
4890	-23847.275391	0.000502 
4900	-23847.275391	0.000502 
4910	-23847.275391	0.000502 
4920	-23847.275391	0.000502 
4930	-23847.275391	0.000502 
4940	-23847.275391	0.000502 
4950	-23847.275391	0.000502 
4960	-23847.275391	0.000502 
4970	-23847.275391	0.000502 
4980	-23847.275391	0.000502 
4990	-23847.275391	0.000502 
5000	-23847.275391	0.000502 
5010	-23847.275391	0.000502 
5020	-23847.275391	0.000502 
5030	-23847.275391	0.000502 
5040	-23847.275391	0.000502 
5050	-23847.275391	0.000502 
5060	-23847.275391	0.000502 
5070	-23847.275391	0.000502 
5080	-23847.275391	0.000502 
5090	-23847.275391	0.000502 
5100	-23847.275391	0.000502 
5110	-23847.275391	0.000502 
5120	-23847.275391	0.000502 
5130	-23847.275391	0.000502 
5140	-23847.275391	0.000502 
5150	-23847.275391	0.000502 
5160	-23847.275391	0.000502 
5170	-23847.275391	0.000502 
5180	-23847.275391	0.000502 
5190	-23847.275391	0.000502 
5200	-23847.275391	0.000502 
5210	-23847.275391	0.000502 
5220	-23847.275391	0.000502 
5230	-23847.275391	0.000502 
5240	-23847.275391	0.000502 
5250	-23847.275391	0.000502 
5260	-23847.275391	0.000502 
5270	-23847.275391	0.000502 
5280	-23847.275391	0.000502 
5290	-23847.275391	0.000502 
5300	-23847.275391	0.000502 
5310	-23847.275391	0.000502 
5320	-23847.275391	0.000502 
5330	-23847.275391	0.000502 
5340	-23847.275391	0.000502 
5350	-23847.275391	0.000502 
5360	-23847.275391	0.000502 
5370	-23847.275391	0.000502 
5380	-23847.275391	0.000502 
5390	-23847.275391	0.000502 
5400	-23847.275391	0.000502 
5410	-23847.275391	0.000502 
5420	-23847.275391	0.000502 
5430	-23847.275391	0.000502 
5440	-23847.275391	0.000502 
5450	-23847.275391	0.000502 
5460	-23847.275391	0.000502 
5470	-23847.275391	0.000502 
5480	-23847.275391	0.000502 
5490	-23847.275391	0.000502 
5500	-23847.275391	0.000502 
5510	-23847.275391	0.000502 
5520	-23847.275391	0.000502 
5530	-23847.275391	0.000502 
5540	-23847.275391	0.000502 
5550	-23847.275391	0.000502 
5560	-23847.275391	0.000502 
5570	-23847.275391	0.000502 
5580	-23847.275391	0.000502 
5590	-23847.275391	0.000502 
5600	-23847.275391	0.000502 
5610	-23847.275391	0.000502 
5620	-23847.275391	0.000502 
5630	-23847.275391	0.000502 
5640	-23847.275391	0.000502 
5650	-23847.275391	0.000502 
5660	-23847.275391	0.000502 
5670	-23847.275391	0.000502 
5680	-23847.275391	0.000502 
5690	-23847.275391	0.000502 
5700	-23847.275391	0.000502 
5710	-23847.275391	0.000502 
5720	-23847.275391	0.000502 
5730	-23847.275391	0.000502 
5740	-23847.275391	0.000502 
5750	-23847.275391	0.000502 
5760	-23847.275391	0.000502 
5770	-23847.275391	0.000502 
5780	-23847.275391	0.000502 
5790	-23847.275391	0.000502 
5800	-23847.275391	0.000502 
5810	-23847.275391	0.000502 
5820	-23847.275391	0.000502 
5830	-23847.275391	0.000502 
5840	-23847.275391	0.000502 
5850	-23847.275391	0.000502 
5860	-23847.275391	0.000502 
5870	-23847.275391	0.000502 
5880	-23847.275391	0.000502 
5890	-23847.275391	0.000502 
5900	-23847.275391	0.000502 
5910	-23847.275391	0.000502 
5920	-23847.275391	0.000502 
5930	-23847.275391	0.000502 
5940	-23847.275391	0.000502 
5950	-23847.275391	0.000502 
5960	-23847.275391	0.000502 
5970	-23847.275391	0.000502 
5980	-23847.275391	0.000502 
5990	-23847.275391	0.000502 
6000	-23847.275391	0.000502 
6010	-23847.275391	0.000502 
6020	-23847.275391	0.000502 
6030	-23847.275391	0.000502 
6040	-23847.275391	0.000502 
6050	-23847.275391	0.000502 
6060	-23847.275391	0.000502 
6070	-23847.275391	0.000502 
6080	-23847.275391	0.000502 
6090	-23847.275391	0.000502 
6100	-23847.275391	0.000502 
6110	-23847.275391	0.000502 
6120	-23847.275391	0.000502 
6130	-23847.275391	0.000502 
6140	-23847.275391	0.000502 
6150	-23847.275391	0.000502 
6160	-23847.275391	0.000502 
6170	-23847.275391	0.000502 
6180	-23847.275391	0.000502 
6190	-23847.275391	0.000502 
6200	-23847.275391	0.000502 
6210	-23847.275391	0.000502 
6220	-23847.275391	0.000502 
6230	-23847.275391	0.000502 
6240	-23847.275391	0.000502 
6250	-23847.275391	0.000502 
6260	-23847.275391	0.000502 
6270	-23847.275391	0.000502 
6280	-23847.275391	0.000502 
6290	-23847.275391	0.000502 
6300	-23847.275391	0.000502 
6310	-23847.275391	0.000502 
6320	-23847.275391	0.000502 
6330	-23847.275391	0.000502 
6340	-23847.275391	0.000502 
6350	-23847.275391	0.000502 
6360	-23847.275391	0.000502 
6370	-23847.275391	0.000502 
6380	-23847.275391	0.000502 
6390	-23847.275391	0.000502 
6400	-23847.275391	0.000502 
6410	-23847.275391	0.000502 
6420	-23847.275391	0.000502 
6430	-23847.275391	0.000502 
6440	-23847.275391	0.000502 
6450	-23847.275391	0.000502 
6460	-23847.275391	0.000502 
6470	-23847.275391	0.000502 
6480	-23847.275391	0.000502 
6490	-23847.275391	0.000502 
6500	-23847.275391	0.000502 
6510	-23847.275391	0.000502 
6520	-23847.275391	0.000502 
6530	-23847.275391	0.000502 
6540	-23847.275391	0.000502 
6550	-23847.275391	0.000502 
6560	-23847.275391	0.000502 
6570	-23847.275391	0.000502 
6580	-23847.275391	0.000502 
6590	-23847.275391	0.000502 
6600	-23847.275391	0.000502 
6610	-23847.275391	0.000502 
6620	-23847.275391	0.000502 
6630	-23847.275391	0.000502 
6640	-23847.275391	0.000502 
6650	-23847.275391	0.000502 
6660	-23847.275391	0.000502 
6670	-23847.275391	0.000502 
6680	-23847.275391	0.000502 
6690	-23847.275391	0.000502 
6700	-23847.275391	0.000502 
6710	-23847.275391	0.000502 
6720	-23847.275391	0.000502 
6730	-23847.275391	0.000502 
6740	-23847.275391	0.000502 
6750	-23847.275391	0.000502 
6760	-23847.275391	0.000502 
6770	-23847.275391	0.000502 
6780	-23847.275391	0.000502 
6790	-23847.275391	0.000502 
6800	-23847.275391	0.000502 
6810	-23847.275391	0.000502 
6820	-23847.275391	0.000502 
6830	-23847.275391	0.000502 
6840	-23847.275391	0.000502 
6850	-23847.275391	0.000502 
6860	-23847.275391	0.000502 
6870	-23847.275391	0.000502 
6880	-23847.275391	0.000502 
6890	-23847.275391	0.000502 
6900	-23847.275391	0.000502 
6910	-23847.275391	0.000502 
6920	-23847.275391	0.000502 
6930	-23847.275391	0.000502 
6940	-23847.275391	0.000502 
6950	-23847.275391	0.000502 
6960	-23847.275391	0.000502 
6970	-23847.275391	0.000502 
6980	-23847.275391	0.000502 
6990	-23847.275391	0.000502 
7000	-23847.275391	0.000502 
7010	-23847.275391	0.000502 
7020	-23847.275391	0.000502 
7030	-23847.275391	0.000502 
7040	-23847.275391	0.000502 
7050	-23847.275391	0.000502 
7060	-23847.275391	0.000502 
7070	-23847.275391	0.000502 
7080	-23847.275391	0.000502 
7090	-23847.275391	0.000502 
7100	-23847.275391	0.000502 
7110	-23847.275391	0.000502 
7120	-23847.275391	0.000502 
7130	-23847.275391	0.000502 
7140	-23847.275391	0.000502 
7150	-23847.275391	0.000502 
7160	-23847.275391	0.000502 
7170	-23847.275391	0.000502 
7180	-23847.275391	0.000502 
7190	-23847.275391	0.000502 
7200	-23847.275391	0.000502 
7210	-23847.275391	0.000502 
7220	-23847.275391	0.000502 
7230	-23847.275391	0.000502 
7240	-23847.275391	0.000502 
7250	-23847.275391	0.000502 
7260	-23847.275391	0.000502 
7270	-23847.275391	0.000502 
7280	-23847.275391	0.000502 
7290	-23847.275391	0.000502 
7300	-23847.275391	0.000502 
7310	-23847.275391	0.000502 
7320	-23847.275391	0.000502 
7330	-23847.275391	0.000502 
7340	-23847.275391	0.000502 
7350	-23847.275391	0.000502 
7360	-23847.275391	0.000502 
7370	-23847.275391	0.000502 
7380	-23847.275391	0.000502 
7390	-23847.275391	0.000502 
7400	-23847.275391	0.000502 
7410	-23847.275391	0.000502 
7420	-23847.275391	0.000502 
7430	-23847.275391	0.000502 
7440	-23847.275391	0.000502 
7450	-23847.275391	0.000502 
7460	-23847.275391	0.000502 
7470	-23847.275391	0.000502 
7480	-23847.275391	0.000502 
7490	-23847.275391	0.000502 
7500	-23847.275391	0.000502 
7510	-23847.275391	0.000502 
7520	-23847.275391	0.000502 
7530	-23847.275391	0.000502 
7540	-23847.275391	0.000502 
7550	-23847.275391	0.000502 
7560	-23847.275391	0.000502 
7570	-23847.275391	0.000502 
7580	-23847.275391	0.000502 
7590	-23847.275391	0.000502 
7600	-23847.275391	0.000502 
7610	-23847.275391	0.000502 
7620	-23847.275391	0.000502 
7630	-23847.275391	0.000502 
7640	-23847.275391	0.000502 
7650	-23847.275391	0.000502 
7660	-23847.275391	0.000502 
7670	-23847.275391	0.000502 
7680	-23847.275391	0.000502 
7690	-23847.275391	0.000502 
7700	-23847.275391	0.000502 
7710	-23847.275391	0.000502 
7720	-23847.275391	0.000502 
7730	-23847.275391	0.000502 
7740	-23847.275391	0.000502 
7750	-23847.275391	0.000502 
7760	-23847.275391	0.000502 
7770	-23847.275391	0.000502 
7780	-23847.275391	0.000502 
7790	-23847.275391	0.000502 
7800	-23847.275391	0.000502 
7810	-23847.275391	0.000502 
7820	-23847.275391	0.000502 
7830	-23847.275391	0.000502 
7840	-23847.275391	0.000502 
7850	-23847.275391	0.000502 
7860	-23847.275391	0.000502 
7870	-23847.275391	0.000502 
7880	-23847.275391	0.000502 
7890	-23847.275391	0.000502 
7900	-23847.275391	0.000502 
7910	-23847.275391	0.000502 
7920	-23847.275391	0.000502 
7930	-23847.275391	0.000502 
7940	-23847.275391	0.000502 
7950	-23847.275391	0.000502 
7960	-23847.275391	0.000502 
7970	-23847.275391	0.000502 
7980	-23847.275391	0.000502 
7990	-23847.275391	0.000502 
8000	-23847.275391	0.000502 
8010	-23847.275391	0.000502 
8020	-23847.275391	0.000502 
8030	-23847.275391	0.000502 
8040	-23847.275391	0.000502 
8050	-23847.275391	0.000502 
8060	-23847.275391	0.000502 
8070	-23847.275391	0.000502 
8080	-23847.275391	0.000502 
8090	-23847.275391	0.000502 
8100	-23847.275391	0.000502 
8110	-23847.275391	0.000502 
8120	-23847.275391	0.000502 
8130	-23847.275391	0.000502 
8140	-23847.275391	0.000502 
8150	-23847.275391	0.000502 
8160	-23847.275391	0.000502 
8170	-23847.275391	0.000502 
8180	-23847.275391	0.000502 
8190	-23847.275391	0.000502 
8200	-23847.275391	0.000502 
8210	-23847.275391	0.000502 
8220	-23847.275391	0.000502 
8230	-23847.275391	0.000502 
8240	-23847.275391	0.000502 
8250	-23847.275391	0.000502 
8260	-23847.275391	0.000502 
8270	-23847.275391	0.000502 
8280	-23847.275391	0.000502 
8290	-23847.275391	0.000502 
8300	-23847.275391	0.000502 
8310	-23847.275391	0.000502 
8320	-23847.275391	0.000502 
8330	-23847.275391	0.000502 
8340	-23847.275391	0.000502 
8350	-23847.275391	0.000502 
8360	-23847.275391	0.000502 
8370	-23847.275391	0.000502 
8380	-23847.275391	0.000502 
8390	-23847.275391	0.000502 
8400	-23847.275391	0.000502 
8410	-23847.275391	0.000502 
8420	-23847.275391	0.000502 
8430	-23847.275391	0.000502 
8440	-23847.275391	0.000502 
8450	-23847.275391	0.000502 
8460	-23847.275391	0.000502 
8470	-23847.275391	0.000502 
8480	-23847.275391	0.000502 
8490	-23847.275391	0.000502 
8500	-23847.275391	0.000502 
8510	-23847.275391	0.000502 
8520	-23847.275391	0.000502 
8530	-23847.275391	0.000502 
8540	-23847.275391	0.000502 
8550	-23847.275391	0.000502 
8560	-23847.275391	0.000502 
8570	-23847.275391	0.000502 
8580	-23847.275391	0.000502 
8590	-23847.275391	0.000502 
8600	-23847.275391	0.000502 
8610	-23847.275391	0.000502 
8620	-23847.275391	0.000502 
8630	-23847.275391	0.000502 
8640	-23847.275391	0.000502 
8650	-23847.275391	0.000502 
8660	-23847.275391	0.000502 
8670	-23847.275391	0.000502 
8680	-23847.275391	0.000502 
8690	-23847.275391	0.000502 
8700	-23847.275391	0.000502 
8710	-23847.275391	0.000502 
8720	-23847.275391	0.000502 
8730	-23847.275391	0.000502 
8740	-23847.275391	0.000502 
8750	-23847.275391	0.000502 
8760	-23847.275391	0.000502 
8770	-23847.275391	0.000502 
8780	-23847.275391	0.000502 
8790	-23847.275391	0.000502 
8800	-23847.275391	0.000502 
8810	-23847.275391	0.000502 
8820	-23847.275391	0.000502 
8830	-23847.275391	0.000502 
8840	-23847.275391	0.000502 
8850	-23847.275391	0.000502 
8860	-23847.275391	0.000502 
8870	-23847.275391	0.000502 
8880	-23847.275391	0.000502 
8890	-23847.275391	0.000502 
8900	-23847.275391	0.000502 
8910	-23847.275391	0.000502 
8920	-23847.275391	0.000502 
8930	-23847.275391	0.000502 
8940	-23847.275391	0.000502 
8950	-23847.275391	0.000502 
8960	-23847.275391	0.000502 
8970	-23847.275391	0.000502 
8980	-23847.275391	0.000502 
8990	-23847.275391	0.000502 
9000	-23847.275391	0.000502 
9010	-23847.275391	0.000502 
9020	-23847.275391	0.000502 
9030	-23847.275391	0.000502 
9040	-23847.275391	0.000502 
9050	-23847.275391	0.000502 
9060	-23847.275391	0.000502 
9070	-23847.275391	0.000502 
9080	-23847.275391	0.000502 
9090	-23847.275391	0.000502 
9100	-23847.275391	0.000502 
9110	-23847.275391	0.000502 
9120	-23847.275391	0.000502 
9130	-23847.275391	0.000502 
9140	-23847.275391	0.000502 
9150	-23847.275391	0.000502 
9160	-23847.275391	0.000502 
9170	-23847.275391	0.000502 
9180	-23847.275391	0.000502 
9190	-23847.275391	0.000502 
9200	-23847.275391	0.000502 
9210	-23847.275391	0.000502 
9220	-23847.275391	0.000502 
9230	-23847.275391	0.000502 
9240	-23847.275391	0.000502 
9250	-23847.275391	0.000502 
9260	-23847.275391	0.000502 
9270	-23847.275391	0.000502 
9280	-23847.275391	0.000502 
9290	-23847.275391	0.000502 
9300	-23847.275391	0.000502 
9310	-23847.275391	0.000502 
9320	-23847.275391	0.000502 
9330	-23847.275391	0.000502 
9340	-23847.275391	0.000502 
9350	-23847.275391	0.000502 
9360	-23847.275391	0.000502 
9370	-23847.275391	0.000502 
9380	-23847.275391	0.000502 
9390	-23847.275391	0.000502 
9400	-23847.275391	0.000502 
9410	-23847.275391	0.000502 
9420	-23847.275391	0.000502 
9430	-23847.275391	0.000502 
9440	-23847.275391	0.000502 
9450	-23847.275391	0.000502 
9460	-23847.275391	0.000502 
9470	-23847.275391	0.000502 
9480	-23847.275391	0.000502 
9490	-23847.275391	0.000502 
9500	-23847.275391	0.000502 
9510	-23847.275391	0.000502 
9520	-23847.275391	0.000502 
9530	-23847.275391	0.000502 
9540	-23847.275391	0.000502 
9550	-23847.275391	0.000502 
9560	-23847.275391	0.000502 
9570	-23847.275391	0.000502 
9580	-23847.275391	0.000502 
9590	-23847.275391	0.000502 
9600	-23847.275391	0.000502 
9610	-23847.275391	0.000502 
9620	-23847.275391	0.000502 
9630	-23847.275391	0.000502 
9640	-23847.275391	0.000502 
9650	-23847.275391	0.000502 
9660	-23847.275391	0.000502 
9670	-23847.275391	0.000502 
9680	-23847.275391	0.000502 
9690	-23847.275391	0.000502 
9700	-23847.275391	0.000502 
9710	-23847.275391	0.000502 
9720	-23847.275391	0.000502 
9730	-23847.275391	0.000502 
9740	-23847.275391	0.000502 
9750	-23847.275391	0.000502 
9760	-23847.275391	0.000502 
9770	-23847.275391	0.000502 
9780	-23847.275391	0.000502 
9790	-23847.275391	0.000502 
9800	-23847.275391	0.000502 
9810	-23847.275391	0.000502 
9820	-23847.275391	0.000502 
9830	-23847.275391	0.000502 
9840	-23847.275391	0.000502 
9850	-23847.275391	0.000502 
9860	-23847.275391	0.000502 
9870	-23847.275391	0.000502 
9880	-23847.275391	0.000502 
9890	-23847.275391	0.000502 
9900	-23847.275391	0.000502 
9910	-23847.275391	0.000502 
9920	-23847.275391	0.000502 
9930	-23847.275391	0.000502 
9940	-23847.275391	0.000502 
9950	-23847.275391	0.000502 
9960	-23847.275391	0.000502 
9970	-23847.275391	0.000502 
9980	-23847.275391	0.000502 
9990	-23847.275391	0.000502 
