#Exponential symmetric Input (p(x)=e^{-|x|}/2), G() loss; n=8192, d=50, lr=0.00005
#Steps		Objective	weight_loss0	35891.023438	0.745023 
10	-9002.190430	0.750843 
20	-17259.689453	0.750626 
30	-20939.236328	0.759303 
40	-23158.712891	0.747818 
50	-24665.324219	0.746736 
60	-25731.335938	0.745966 
70	-26687.269531	0.747348 
80	-28509.482422	0.755647 
90	-493409.781250	0.451693 
100	-499472.906250	0.458191 
110	-499473.968750	0.459181 
120	-499473.937500	0.459212 
130	-499473.843750	0.459213 
140	-499473.937500	0.459213 
150	-499473.812500	0.459213 
160	-499473.968750	0.459213 
170	-499473.875000	0.459213 
180	-499473.843750	0.459213 
190	-499473.875000	0.459213 
200	-499473.906250	0.459213 
210	-499473.843750	0.459213 
220	-499473.843750	0.459213 
230	-499473.812500	0.459213 
240	-499473.843750	0.459213 
250	-499473.937500	0.459213 
260	-499473.906250	0.459213 
270	-499473.843750	0.459213 
280	-499473.906250	0.459213 
290	-499473.812500	0.459213 
300	-499473.937500	0.459213 
310	-499473.875000	0.459213 
320	-499473.906250	0.459213 
330	-499473.968750	0.459213 
340	-499473.843750	0.459213 
350	-499473.906250	0.459213 
360	-499473.843750	0.459213 
370	-499473.875000	0.459213 
380	-499473.937500	0.459213 
390	-499473.937500	0.459213 
400	-499473.843750	0.459213 
410	-499473.906250	0.459213 
420	-499473.875000	0.459213 
430	-499473.906250	0.459213 
440	-499473.937500	0.459213 
450	-499473.875000	0.459213 
460	-499473.937500	0.459213 
470	-499473.937500	0.459213 
480	-499473.875000	0.459213 
490	-499473.968750	0.459213 
500	-499473.875000	0.459213 
510	-499473.968750	0.459213 
520	-499473.937500	0.459213 
530	-499473.843750	0.459213 
540	-499473.843750	0.459213 
550	-499473.906250	0.459213 
560	-499473.937500	0.459213 
570	-499473.875000	0.459213 
580	-499473.875000	0.459213 
590	-499473.937500	0.459213 
600	-499473.812500	0.459213 
610	-499473.843750	0.459213 
620	-499473.937500	0.459213 
630	-499473.906250	0.459213 
640	-499473.875000	0.459213 
650	-499473.937500	0.459213 
660	-499473.937500	0.459213 
670	-499473.875000	0.459213 
680	-499473.875000	0.459213 
690	-499473.875000	0.459213 
700	-499473.843750	0.459213 
710	-499473.968750	0.459213 
720	-499473.843750	0.459213 
730	-499473.937500	0.459213 
740	-499473.906250	0.459213 
750	-499473.843750	0.459213 
760	-499473.875000	0.459213 
770	-499473.937500	0.459213 
780	-499473.843750	0.459213 
790	-499473.781250	0.459213 
800	-499473.812500	0.459213 
810	-499473.937500	0.459213 
820	-499474.000000	0.459213 
830	-499473.875000	0.459213 
840	-499473.843750	0.459213 
850	-499473.781250	0.459213 
860	-499473.843750	0.459213 
870	-499473.875000	0.459213 
880	-499473.875000	0.459213 
890	-499473.843750	0.459213 
900	-499473.875000	0.459213 
910	-499473.875000	0.459213 
920	-499473.843750	0.459213 
930	-499473.875000	0.459213 
940	-499473.906250	0.459213 
950	-499473.875000	0.459213 
960	-499473.875000	0.459213 
970	-499473.875000	0.459213 
980	-499473.843750	0.459213 
990	-499473.781250	0.459213 
1000	-499473.968750	0.459213 
1010	-499473.843750	0.459213 
1020	-499473.968750	0.459213 
1030	-499473.875000	0.459213 
1040	-499473.937500	0.459213 
1050	-499473.843750	0.459213 
1060	-499473.843750	0.459213 
1070	-499473.875000	0.459213 
1080	-499473.906250	0.459213 
1090	-499473.843750	0.459213 
1100	-499473.937500	0.459213 
1110	-499473.875000	0.459213 
1120	-499473.875000	0.459213 
1130	-499473.937500	0.459213 
1140	-499473.843750	0.459213 
1150	-499473.875000	0.459213 
1160	-499473.843750	0.459213 
1170	-499473.781250	0.459213 
1180	-499473.906250	0.459213 
1190	-499473.937500	0.459213 
1200	-499474.000000	0.459213 
1210	-499473.875000	0.459213 
1220	-499473.968750	0.459213 
1230	-499473.906250	0.459213 
1240	-499473.875000	0.459213 
1250	-499473.906250	0.459213 
1260	-499473.843750	0.459213 
1270	-499473.812500	0.459213 
1280	-499473.906250	0.459213 
1290	-499473.812500	0.459213 
1300	-499473.906250	0.459213 
1310	-499473.937500	0.459213 
1320	-499473.875000	0.459213 
1330	-499473.906250	0.459213 
1340	-499473.906250	0.459213 
1350	-499473.906250	0.459213 
1360	-499473.843750	0.459213 
1370	-499473.781250	0.459213 
1380	-499473.875000	0.459213 
1390	-499473.968750	0.459213 
1400	-499473.812500	0.459213 
1410	-499473.937500	0.459213 
1420	-499473.843750	0.459213 
1430	-499473.937500	0.459213 
1440	-499473.906250	0.459213 
1450	-499473.875000	0.459213 
1460	-499473.781250	0.459213 
1470	-499473.843750	0.459213 
1480	-499473.906250	0.459213 
1490	-499473.937500	0.459213 
1500	-499473.937500	0.459213 
1510	-499473.968750	0.459213 
1520	-499473.906250	0.459213 
1530	-499473.875000	0.459213 
1540	-499473.937500	0.459213 
1550	-499473.875000	0.459213 
1560	-499473.843750	0.459213 
1570	-499473.937500	0.459213 
1580	-499473.843750	0.459213 
1590	-499473.843750	0.459213 
1600	-499473.843750	0.459213 
1610	-499473.875000	0.459213 
1620	-499473.906250	0.459213 
1630	-499473.843750	0.459213 
1640	-499474.000000	0.459213 
1650	-499473.968750	0.459213 
1660	-499474.000000	0.459213 
1670	-499473.906250	0.459213 
1680	-499473.875000	0.459213 
1690	-499473.968750	0.459213 
1700	-499473.843750	0.459213 
1710	-499473.843750	0.459213 
1720	-499473.875000	0.459213 
1730	-499473.843750	0.459213 
1740	-499473.906250	0.459213 
1750	-499473.968750	0.459213 
1760	-499473.875000	0.459213 
1770	-499473.937500	0.459213 
1780	-499473.937500	0.459213 
1790	-499473.687500	0.459213 
1800	-499473.906250	0.459213 
1810	-499473.906250	0.459213 
1820	-499473.906250	0.459213 
1830	-499473.968750	0.459213 
1840	-499473.843750	0.459213 
1850	-499473.937500	0.459213 
1860	-499473.875000	0.459213 
1870	-499473.875000	0.459213 
1880	-499473.875000	0.459213 
1890	-499473.937500	0.459213 
1900	-499473.843750	0.459213 
1910	-499473.843750	0.459213 
1920	-499473.843750	0.459213 
1930	-499473.843750	0.459213 
1940	-499473.937500	0.459213 
1950	-499473.968750	0.459213 
1960	-499473.843750	0.459213 
1970	-499473.843750	0.459213 
1980	-499473.843750	0.459213 
1990	-499473.843750	0.459213 
2000	-499473.937500	0.459213 
2010	-499473.875000	0.459213 
2020	-499473.875000	0.459213 
2030	-499474.000000	0.459213 
2040	-499473.812500	0.459213 
2050	-499473.781250	0.459213 
2060	-499473.781250	0.459213 
2070	-499473.906250	0.459213 
2080	-499473.937500	0.459213 
2090	-499473.843750	0.459213 
2100	-499473.812500	0.459213 
2110	-499473.937500	0.459213 
2120	-499473.875000	0.459213 
2130	-499473.843750	0.459213 
2140	-499473.875000	0.459213 
2150	-499473.781250	0.459213 
2160	-499473.875000	0.459213 
2170	-499473.843750	0.459213 
2180	-499473.843750	0.459213 
2190	-499473.812500	0.459213 
2200	-499473.687500	0.459213 
2210	-499473.937500	0.459213 
2220	-499473.875000	0.459213 
2230	-499473.937500	0.459213 
2240	-499473.937500	0.459213 
2250	-499473.875000	0.459213 
2260	-499473.812500	0.459213 
2270	-499473.875000	0.459213 
2280	-499473.906250	0.459213 
2290	-499474.000000	0.459213 
2300	-499473.843750	0.459213 
2310	-499473.937500	0.459213 
2320	-499473.875000	0.459213 
2330	-499473.843750	0.459213 
2340	-499473.812500	0.459213 
2350	-499474.000000	0.459213 
2360	-499473.906250	0.459213 
2370	-499473.875000	0.459213 
2380	-499473.812500	0.459213 
2390	-499473.812500	0.459213 
2400	-499474.000000	0.459213 
2410	-499473.875000	0.459213 
2420	-499473.781250	0.459213 
2430	-499473.781250	0.459213 
2440	-499473.875000	0.459213 
2450	-499473.812500	0.459213 
2460	-499473.843750	0.459213 
2470	-499473.937500	0.459213 
2480	-499473.843750	0.459213 
2490	-499473.906250	0.459213 
2500	-499473.937500	0.459213 
2510	-499473.812500	0.459213 
2520	-499473.875000	0.459213 
2530	-499473.906250	0.459213 
2540	-499473.906250	0.459213 
2550	-499473.843750	0.459213 
2560	-499473.875000	0.459213 
2570	-499473.937500	0.459213 
2580	-499473.968750	0.459213 
2590	-499473.812500	0.459213 
2600	-499473.875000	0.459213 
2610	-499473.875000	0.459213 
2620	-499473.843750	0.459213 
2630	-499473.781250	0.459213 
2640	-499473.937500	0.459213 
2650	-499473.906250	0.459213 
2660	-499473.937500	0.459213 
2670	-499473.843750	0.459213 
2680	-499473.843750	0.459213 
2690	-499473.968750	0.459213 
2700	-499473.937500	0.459213 
2710	-499473.843750	0.459213 
2720	-499473.843750	0.459213 
2730	-499473.812500	0.459213 
2740	-499473.875000	0.459213 
2750	-499473.906250	0.459213 
2760	-499473.937500	0.459213 
2770	-499473.937500	0.459213 
2780	-499473.781250	0.459213 
2790	-499473.968750	0.459213 
2800	-499473.968750	0.459213 
2810	-499473.906250	0.459213 
2820	-499473.937500	0.459213 
2830	-499473.875000	0.459213 
2840	-499473.968750	0.459213 
2850	-499473.937500	0.459213 
2860	-499473.875000	0.459213 
2870	-499473.781250	0.459213 
2880	-499473.937500	0.459213 
2890	-499473.875000	0.459213 
2900	-499473.843750	0.459213 
2910	-499473.906250	0.459213 
2920	-499473.875000	0.459213 
2930	-499473.906250	0.459213 
2940	-499473.968750	0.459213 
2950	-499473.968750	0.459213 
2960	-499473.875000	0.459213 
2970	-499473.875000	0.459213 
2980	-499473.875000	0.459213 
2990	-499473.906250	0.459213 
3000	-499473.718750	0.459213 
3010	-499473.968750	0.459213 
3020	-499473.875000	0.459213 
3030	-499473.843750	0.459213 
3040	-499473.843750	0.459213 
3050	-499473.843750	0.459213 
3060	-499473.906250	0.459213 
3070	-499473.812500	0.459213 
3080	-499473.812500	0.459213 
3090	-499473.843750	0.459213 
3100	-499473.843750	0.459213 
3110	-499473.906250	0.459213 
3120	-499473.812500	0.459213 
3130	-499473.875000	0.459213 
3140	-499473.906250	0.459213 
3150	-499473.781250	0.459213 
3160	-499473.875000	0.459213 
3170	-499473.937500	0.459213 
3180	-499473.812500	0.459213 
3190	-499473.843750	0.459213 
3200	-499473.781250	0.459213 
3210	-499473.906250	0.459213 
3220	-499473.968750	0.459213 
3230	-499473.843750	0.459213 
3240	-499473.843750	0.459213 
3250	-499473.843750	0.459213 
3260	-499473.906250	0.459213 
3270	-499473.937500	0.459213 
3280	-499473.906250	0.459213 
3290	-499473.937500	0.459213 
3300	-499473.875000	0.459213 
3310	-499473.781250	0.459213 
3320	-499473.875000	0.459213 
3330	-499473.843750	0.459213 
3340	-499473.906250	0.459213 
3350	-499473.906250	0.459213 
3360	-499473.843750	0.459213 
3370	-499473.968750	0.459213 
3380	-499473.906250	0.459213 
3390	-499473.968750	0.459213 
3400	-499473.968750	0.459213 
3410	-499473.875000	0.459213 
3420	-499473.843750	0.459213 
3430	-499473.937500	0.459213 
3440	-499473.937500	0.459213 
3450	-499473.875000	0.459213 
3460	-499473.843750	0.459213 
3470	-499473.906250	0.459213 
3480	-499473.937500	0.459213 
3490	-499473.937500	0.459213 
3500	-499473.875000	0.459213 
3510	-499473.843750	0.459213 
3520	-499473.843750	0.459213 
3530	-499473.781250	0.459213 
3540	-499473.843750	0.459213 
3550	-499473.906250	0.459213 
3560	-499473.812500	0.459213 
3570	-499473.906250	0.459213 
3580	-499473.906250	0.459213 
3590	-499473.843750	0.459213 
3600	-499473.875000	0.459213 
3610	-499473.843750	0.459213 
3620	-499473.875000	0.459213 
3630	-499473.875000	0.459213 
3640	-499473.875000	0.459213 
3650	-499473.843750	0.459213 
3660	-499473.843750	0.459213 
3670	-499473.937500	0.459213 
3680	-499473.937500	0.459213 
3690	-499473.875000	0.459213 
3700	-499473.843750	0.459213 
3710	-499473.843750	0.459213 
3720	-499473.875000	0.459213 
3730	-499473.906250	0.459213 
3740	-499473.875000	0.459213 
3750	-499473.812500	0.459213 
3760	-499474.000000	0.459213 
3770	-499473.843750	0.459213 
3780	-499473.875000	0.459213 
3790	-499473.843750	0.459213 
3800	-499473.906250	0.459213 
3810	-499473.906250	0.459213 
3820	-499473.937500	0.459213 
3830	-499473.843750	0.459213 
3840	-499473.843750	0.459213 
3850	-499473.781250	0.459213 
3860	-499473.812500	0.459213 
3870	-499473.968750	0.459213 
3880	-499473.875000	0.459213 
3890	-499473.843750	0.459213 
3900	-499473.843750	0.459213 
3910	-499473.843750	0.459213 
3920	-499473.906250	0.459213 
3930	-499473.937500	0.459213 
3940	-499473.937500	0.459213 
3950	-499473.875000	0.459213 
3960	-499473.906250	0.459213 
3970	-499473.937500	0.459213 
3980	-499473.937500	0.459213 
3990	-499473.906250	0.459213 
4000	-499473.968750	0.459213 
4010	-499473.843750	0.459213 
4020	-499473.781250	0.459213 
4030	-499473.843750	0.459213 
4040	-499473.875000	0.459213 
4050	-499473.875000	0.459213 
4060	-499473.843750	0.459213 
4070	-499473.906250	0.459213 
4080	-499473.937500	0.459213 
4090	-499473.937500	0.459213 
4100	-499473.812500	0.459213 
4110	-499473.812500	0.459213 
4120	-499473.812500	0.459213 
4130	-499473.875000	0.459213 
4140	-499473.875000	0.459213 
4150	-499473.875000	0.459213 
4160	-499473.812500	0.459213 
4170	-499473.906250	0.459213 
4180	-499473.843750	0.459213 
4190	-499474.031250	0.459213 
4200	-499473.906250	0.459213 
4210	-499473.937500	0.459213 
4220	-499473.937500	0.459213 
4230	-499473.843750	0.459213 
4240	-499473.843750	0.459213 
4250	-499473.906250	0.459213 
4260	-499473.937500	0.459213 
4270	-499473.906250	0.459213 
4280	-499473.937500	0.459213 
4290	-499473.937500	0.459213 
4300	-499473.937500	0.459213 
4310	-499473.843750	0.459213 
4320	-499473.937500	0.459213 
4330	-499473.906250	0.459213 
4340	-499473.843750	0.459213 
4350	-499473.781250	0.459213 
4360	-499473.812500	0.459213 
4370	-499473.906250	0.459213 
4380	-499473.937500	0.459213 
4390	-499473.937500	0.459213 
4400	-499473.812500	0.459213 
4410	-499474.000000	0.459213 
4420	-499473.906250	0.459213 
4430	-499473.937500	0.459213 
4440	-499473.781250	0.459213 
4450	-499473.843750	0.459213 
4460	-499473.812500	0.459213 
4470	-499473.843750	0.459213 
4480	-499473.937500	0.459213 
4490	-499473.812500	0.459213 
4500	-499473.906250	0.459213 
4510	-499473.875000	0.459213 
4520	-499473.750000	0.459213 
4530	-499473.875000	0.459213 
4540	-499473.937500	0.459213 
4550	-499473.968750	0.459213 
4560	-499473.937500	0.459213 
4570	-499473.937500	0.459213 
4580	-499473.812500	0.459213 
4590	-499473.875000	0.459213 
4600	-499473.843750	0.459213 
4610	-499473.781250	0.459213 
4620	-499473.843750	0.459213 
4630	-499473.875000	0.459213 
4640	-499473.937500	0.459213 
4650	-499473.781250	0.459213 
4660	-499473.843750	0.459213 
4670	-499473.937500	0.459213 
4680	-499473.875000	0.459213 
4690	-499473.843750	0.459213 
4700	-499473.843750	0.459213 
4710	-499473.906250	0.459213 
4720	-499473.906250	0.459213 
4730	-499473.937500	0.459213 
4740	-499473.937500	0.459213 
4750	-499473.875000	0.459213 
4760	-499473.843750	0.459213 
4770	-499473.843750	0.459213 
4780	-499473.843750	0.459213 
4790	-499473.968750	0.459213 
4800	-499473.843750	0.459213 
4810	-499473.843750	0.459213 
4820	-499474.031250	0.459213 
4830	-499473.875000	0.459213 
4840	-499473.843750	0.459213 
4850	-499473.968750	0.459213 
4860	-499473.875000	0.459213 
4870	-499473.843750	0.459213 
4880	-499473.843750	0.459213 
4890	-499473.875000	0.459213 
4900	-499473.812500	0.459213 
4910	-499473.875000	0.459213 
4920	-499473.750000	0.459213 
4930	-499473.812500	0.459213 
4940	-499473.875000	0.459213 
4950	-499473.750000	0.459213 
4960	-499473.906250	0.459213 
4970	-499473.843750	0.459213 
4980	-499474.000000	0.459213 
4990	-499473.968750	0.459213 
5000	-499473.843750	0.459213 
5010	-499473.875000	0.459213 
5020	-499473.843750	0.459213 
5030	-499473.843750	0.459213 
5040	-499473.968750	0.459213 
5050	-499473.906250	0.459213 
5060	-499473.906250	0.459213 
5070	-499473.843750	0.459213 
5080	-499473.906250	0.459213 
5090	-499473.906250	0.459213 
5100	-499473.937500	0.459213 
5110	-499473.781250	0.459213 
5120	-499473.781250	0.459213 
5130	-499473.781250	0.459213 
5140	-499473.937500	0.459213 
5150	-499473.875000	0.459213 
5160	-499473.937500	0.459213 
5170	-499473.875000	0.459213 
5180	-499473.750000	0.459213 
5190	-499473.937500	0.459213 
5200	-499473.937500	0.459213 
5210	-499473.781250	0.459213 
5220	-499473.750000	0.459213 
5230	-499473.906250	0.459213 
5240	-499473.968750	0.459213 
5250	-499473.906250	0.459213 
5260	-499473.906250	0.459213 
5270	-499473.906250	0.459213 
5280	-499473.812500	0.459213 
5290	-499473.812500	0.459213 
5300	-499473.875000	0.459213 
5310	-499473.843750	0.459213 
5320	-499473.906250	0.459213 
5330	-499473.812500	0.459213 
5340	-499473.937500	0.459213 
5350	-499473.843750	0.459213 
5360	-499473.968750	0.459213 
5370	-499473.906250	0.459213 
5380	-499473.843750	0.459213 
5390	-499473.843750	0.459213 
5400	-499473.812500	0.459213 
5410	-499473.906250	0.459213 
5420	-499473.781250	0.459213 
5430	-499473.968750	0.459213 
5440	-499473.875000	0.459213 
5450	-499473.875000	0.459213 
5460	-499473.843750	0.459213 
5470	-499473.843750	0.459213 
5480	-499473.937500	0.459213 
5490	-499473.906250	0.459213 
5500	-499473.875000	0.459213 
5510	-499473.843750	0.459213 
5520	-499473.875000	0.459213 
5530	-499473.812500	0.459213 
5540	-499473.875000	0.459213 
5550	-499473.906250	0.459213 
5560	-499473.843750	0.459213 
5570	-499473.937500	0.459213 
5580	-499473.906250	0.459213 
5590	-499473.812500	0.459213 
5600	-499473.875000	0.459213 
5610	-499474.000000	0.459213 
5620	-499473.843750	0.459213 
5630	-499473.906250	0.459213 
5640	-499473.812500	0.459213 
5650	-499473.781250	0.459213 
5660	-499473.843750	0.459213 
5670	-499473.875000	0.459213 
5680	-499473.968750	0.459213 
5690	-499473.812500	0.459213 
5700	-499473.812500	0.459213 
5710	-499473.937500	0.459213 
5720	-499473.843750	0.459213 
5730	-499473.937500	0.459213 
5740	-499473.937500	0.459213 
5750	-499473.843750	0.459213 
5760	-499473.968750	0.459213 
5770	-499473.843750	0.459213 
5780	-499474.000000	0.459213 
5790	-499473.937500	0.459213 
5800	-499473.843750	0.459213 
5810	-499473.843750	0.459213 
5820	-499473.968750	0.459213 
5830	-499473.906250	0.459213 
5840	-499473.812500	0.459213 
5850	-499473.843750	0.459213 
5860	-499473.968750	0.459213 
5870	-499473.906250	0.459213 
5880	-499473.812500	0.459213 
5890	-499473.843750	0.459213 
5900	-499473.968750	0.459213 
5910	-499473.843750	0.459213 
5920	-499473.937500	0.459213 
5930	-499473.843750	0.459213 
5940	-499473.906250	0.459213 
5950	-499474.000000	0.459213 
5960	-499473.906250	0.459213 
5970	-499473.937500	0.459213 
5980	-499473.937500	0.459213 
5990	-499473.906250	0.459213 
6000	-499473.937500	0.459213 
6010	-499473.812500	0.459213 
6020	-499473.781250	0.459213 
6030	-499473.812500	0.459213 
6040	-499473.875000	0.459213 
6050	-499473.937500	0.459213 
6060	-499473.875000	0.459213 
6070	-499473.812500	0.459213 
6080	-499473.937500	0.459213 
6090	-499473.937500	0.459213 
6100	-499473.812500	0.459213 
6110	-499473.968750	0.459213 
6120	-499474.000000	0.459213 
6130	-499473.875000	0.459213 
6140	-499473.968750	0.459213 
6150	-499473.875000	0.459213 
6160	-499473.875000	0.459213 
6170	-499473.781250	0.459213 
6180	-499473.750000	0.459213 
6190	-499473.843750	0.459213 
6200	-499473.906250	0.459213 
6210	-499473.968750	0.459213 
6220	-499473.843750	0.459213 
6230	-499474.000000	0.459213 
6240	-499473.906250	0.459213 
6250	-499473.875000	0.459213 
6260	-499473.875000	0.459213 
6270	-499473.812500	0.459213 
6280	-499473.875000	0.459213 
6290	-499473.937500	0.459213 
6300	-499473.906250	0.459213 
6310	-499473.937500	0.459213 
6320	-499473.843750	0.459213 
6330	-499473.906250	0.459213 
6340	-499473.875000	0.459213 
6350	-499473.781250	0.459213 
6360	-499473.843750	0.459213 
6370	-499473.812500	0.459213 
6380	-499473.875000	0.459213 
6390	-499473.812500	0.459213 
6400	-499473.906250	0.459213 
6410	-499473.843750	0.459213 
6420	-499473.781250	0.459213 
6430	-499473.843750	0.459213 
6440	-499473.937500	0.459213 
6450	-499473.843750	0.459213 
6460	-499473.843750	0.459213 
6470	-499473.781250	0.459213 
6480	-499473.781250	0.459213 
6490	-499473.937500	0.459213 
6500	-499474.000000	0.459213 
6510	-499473.843750	0.459213 
6520	-499473.937500	0.459213 
6530	-499473.812500	0.459213 
6540	-499473.781250	0.459213 
6550	-499473.812500	0.459213 
6560	-499473.906250	0.459213 
6570	-499473.937500	0.459213 
6580	-499473.937500	0.459213 
6590	-499473.906250	0.459213 
6600	-499473.843750	0.459213 
6610	-499473.906250	0.459213 
6620	-499473.906250	0.459213 
6630	-499473.875000	0.459213 
6640	-499473.968750	0.459213 
6650	-499473.968750	0.459213 
6660	-499473.812500	0.459213 
6670	-499473.843750	0.459213 
6680	-499474.000000	0.459213 
6690	-499473.937500	0.459213 
6700	-499473.906250	0.459213 
6710	-499473.812500	0.459213 
6720	-499473.875000	0.459213 
6730	-499473.875000	0.459213 
6740	-499473.843750	0.459213 
6750	-499473.875000	0.459213 
6760	-499473.843750	0.459213 
6770	-499473.843750	0.459213 
6780	-499473.812500	0.459213 
6790	-499473.843750	0.459213 
6800	-499473.906250	0.459213 
6810	-499473.968750	0.459213 
6820	-499473.843750	0.459213 
6830	-499473.875000	0.459213 
6840	-499473.843750	0.459213 
6850	-499474.000000	0.459213 
6860	-499473.937500	0.459213 
6870	-499473.937500	0.459213 
6880	-499473.718750	0.459213 
6890	-499473.906250	0.459213 
6900	-499473.812500	0.459213 
6910	-499473.843750	0.459213 
6920	-499473.937500	0.459213 
6930	-499473.968750	0.459213 
6940	-499473.781250	0.459213 
6950	-499473.906250	0.459213 
6960	-499473.875000	0.459213 
6970	-499473.875000	0.459213 
6980	-499473.781250	0.459213 
6990	-499473.843750	0.459213 
7000	-499473.843750	0.459213 
7010	-499473.843750	0.459213 
7020	-499473.875000	0.459213 
7030	-499473.875000	0.459213 
7040	-499473.937500	0.459213 
7050	-499473.906250	0.459213 
7060	-499473.843750	0.459213 
7070	-499473.968750	0.459213 
7080	-499473.781250	0.459213 
7090	-499473.906250	0.459213 
7100	-499473.875000	0.459213 
7110	-499473.843750	0.459213 
7120	-499473.843750	0.459213 
7130	-499473.875000	0.459213 
7140	-499473.843750	0.459213 
7150	-499473.906250	0.459213 
7160	-499473.875000	0.459213 
7170	-499473.843750	0.459213 
7180	-499473.906250	0.459213 
7190	-499473.875000	0.459213 
7200	-499473.937500	0.459213 
7210	-499473.843750	0.459213 
7220	-499473.906250	0.459213 
7230	-499473.968750	0.459213 
7240	-499473.875000	0.459213 
7250	-499473.781250	0.459213 
7260	-499473.937500	0.459213 
7270	-499473.937500	0.459213 
7280	-499473.875000	0.459213 
7290	-499473.875000	0.459213 
7300	-499473.875000	0.459213 
7310	-499473.875000	0.459213 
7320	-499473.875000	0.459213 
7330	-499473.812500	0.459213 
7340	-499473.875000	0.459213 
7350	-499473.843750	0.459213 
7360	-499473.937500	0.459213 
7370	-499473.906250	0.459213 
7380	-499473.781250	0.459213 
7390	-499473.875000	0.459213 
7400	-499474.000000	0.459213 
7410	-499473.781250	0.459213 
7420	-499473.906250	0.459213 
7430	-499473.906250	0.459213 
7440	-499473.906250	0.459213 
7450	-499473.781250	0.459213 
7460	-499473.843750	0.459213 
7470	-499473.937500	0.459213 
7480	-499473.875000	0.459213 
7490	-499473.812500	0.459213 
7500	-499473.906250	0.459213 
7510	-499473.906250	0.459213 
7520	-499473.906250	0.459213 
7530	-499473.875000	0.459213 
7540	-499473.906250	0.459213 
7550	-499473.906250	0.459213 
7560	-499473.937500	0.459213 
7570	-499473.843750	0.459213 
7580	-499473.906250	0.459213 
7590	-499473.937500	0.459213 
7600	-499473.781250	0.459213 
7610	-499473.906250	0.459213 
7620	-499473.843750	0.459213 
7630	-499473.875000	0.459213 
7640	-499473.812500	0.459213 
7650	-499473.875000	0.459213 
7660	-499473.843750	0.459213 
7670	-499473.875000	0.459213 
7680	-499473.937500	0.459213 
7690	-499473.875000	0.459213 
7700	-499473.843750	0.459213 
7710	-499473.937500	0.459213 
7720	-499473.781250	0.459213 
7730	-499473.812500	0.459213 
7740	-499473.781250	0.459213 
7750	-499473.875000	0.459213 
7760	-499473.875000	0.459213 
7770	-499473.937500	0.459213 
7780	-499473.812500	0.459213 
7790	-499473.968750	0.459213 
7800	-499473.843750	0.459213 
7810	-499473.875000	0.459213 
7820	-499473.843750	0.459213 
7830	-499473.843750	0.459213 
7840	-499473.968750	0.459213 
7850	-499473.843750	0.459213 
7860	-499473.718750	0.459213 
7870	-499473.718750	0.459213 
7880	-499473.812500	0.459213 
7890	-499473.843750	0.459213 
7900	-499474.000000	0.459213 
7910	-499473.843750	0.459213 
7920	-499473.812500	0.459213 
7930	-499473.843750	0.459213 
7940	-499473.843750	0.459213 
7950	-499473.843750	0.459213 
7960	-499473.875000	0.459213 
7970	-499473.843750	0.459213 
7980	-499473.906250	0.459213 
7990	-499473.937500	0.459213 
8000	-499473.906250	0.459213 
8010	-499473.906250	0.459213 
8020	-499473.843750	0.459213 
8030	-499473.781250	0.459213 
8040	-499473.875000	0.459213 
8050	-499473.906250	0.459213 
8060	-499473.937500	0.459213 
8070	-499473.937500	0.459213 
8080	-499473.875000	0.459213 
8090	-499473.937500	0.459213 
8100	-499473.812500	0.459213 
8110	-499473.906250	0.459213 
8120	-499473.875000	0.459213 
8130	-499473.875000	0.459213 
8140	-499473.750000	0.459213 
8150	-499473.875000	0.459213 
8160	-499473.906250	0.459213 
8170	-499473.875000	0.459213 
8180	-499473.843750	0.459213 
8190	-499473.906250	0.459213 
8200	-499473.875000	0.459213 
8210	-499473.906250	0.459213 
8220	-499473.937500	0.459213 
8230	-499473.875000	0.459213 
8240	-499473.843750	0.459213 
8250	-499473.812500	0.459213 
8260	-499473.843750	0.459213 
8270	-499473.843750	0.459213 
8280	-499473.812500	0.459213 
8290	-499473.812500	0.459213 
8300	-499474.000000	0.459213 
8310	-499473.875000	0.459213 
8320	-499473.843750	0.459213 
8330	-499474.000000	0.459213 
8340	-499473.875000	0.459213 
8350	-499473.937500	0.459213 
8360	-499473.875000	0.459213 
8370	-499473.781250	0.459213 
8380	-499473.843750	0.459213 
8390	-499473.968750	0.459213 
8400	-499473.968750	0.459213 
8410	-499474.031250	0.459213 
8420	-499473.937500	0.459213 
8430	-499473.781250	0.459213 
8440	-499473.906250	0.459213 
8450	-499473.875000	0.459213 
8460	-499473.875000	0.459213 
8470	-499473.937500	0.459213 
8480	-499473.906250	0.459213 
8490	-499473.906250	0.459213 
8500	-499473.937500	0.459213 
8510	-499473.843750	0.459213 
8520	-499473.937500	0.459213 
8530	-499473.812500	0.459213 
8540	-499473.968750	0.459213 
8550	-499473.906250	0.459213 
8560	-499473.875000	0.459213 
8570	-499473.875000	0.459213 
8580	-499473.812500	0.459213 
8590	-499473.937500	0.459213 
8600	-499473.937500	0.459213 
8610	-499473.843750	0.459213 
8620	-499473.937500	0.459213 
8630	-499473.875000	0.459213 
8640	-499473.875000	0.459213 
8650	-499473.781250	0.459213 
8660	-499473.812500	0.459213 
8670	-499473.875000	0.459213 
8680	-499473.843750	0.459213 
8690	-499473.906250	0.459213 
8700	-499473.843750	0.459213 
8710	-499474.000000	0.459213 
8720	-499473.906250	0.459213 
8730	-499473.906250	0.459213 
8740	-499473.875000	0.459213 
8750	-499473.875000	0.459213 
8760	-499473.968750	0.459213 
8770	-499473.875000	0.459213 
8780	-499473.875000	0.459213 
8790	-499473.906250	0.459213 
8800	-499473.906250	0.459213 
8810	-499473.843750	0.459213 
8820	-499473.937500	0.459213 
8830	-499473.843750	0.459213 
8840	-499473.968750	0.459213 
8850	-499473.875000	0.459213 
8860	-499473.968750	0.459213 
8870	-499473.812500	0.459213 
8880	-499473.843750	0.459213 
8890	-499473.968750	0.459213 
8900	-499473.781250	0.459213 
8910	-499473.968750	0.459213 
8920	-499473.937500	0.459213 
8930	-499473.937500	0.459213 
8940	-499473.781250	0.459213 
8950	-499473.781250	0.459213 
8960	-499473.875000	0.459213 
8970	-499473.843750	0.459213 
8980	-499473.906250	0.459213 
8990	-499473.937500	0.459213 
9000	-499473.906250	0.459213 
9010	-499473.843750	0.459213 
9020	-499473.875000	0.459213 
9030	-499473.906250	0.459213 
9040	-499473.812500	0.459213 
9050	-499474.000000	0.459213 
9060	-499473.906250	0.459213 
9070	-499473.875000	0.459213 
9080	-499473.906250	0.459213 
9090	-499473.843750	0.459213 
9100	-499473.937500	0.459213 
9110	-499473.812500	0.459213 
9120	-499473.906250	0.459213 
9130	-499473.968750	0.459213 
9140	-499473.843750	0.459213 
9150	-499473.875000	0.459213 
9160	-499473.875000	0.459213 
9170	-499473.906250	0.459213 
9180	-499473.968750	0.459213 
9190	-499473.781250	0.459213 
9200	-499473.937500	0.459213 
9210	-499473.968750	0.459213 
9220	-499473.843750	0.459213 
9230	-499473.937500	0.459213 
9240	-499473.843750	0.459213 
9250	-499473.843750	0.459213 
9260	-499473.906250	0.459213 
9270	-499474.000000	0.459213 
9280	-499473.843750	0.459213 
9290	-499473.906250	0.459213 
9300	-499473.781250	0.459213 
9310	-499473.781250	0.459213 
9320	-499473.812500	0.459213 
9330	-499473.812500	0.459213 
9340	-499473.906250	0.459213 
9350	-499473.906250	0.459213 
9360	-499473.781250	0.459213 
9370	-499473.875000	0.459213 
9380	-499473.843750	0.459213 
9390	-499473.937500	0.459213 
9400	-499473.875000	0.459213 
9410	-499473.843750	0.459213 
9420	-499473.906250	0.459213 
9430	-499473.875000	0.459213 
9440	-499473.906250	0.459213 
9450	-499473.906250	0.459213 
9460	-499473.875000	0.459213 
9470	-499473.875000	0.459213 
9480	-499473.843750	0.459213 
9490	-499473.812500	0.459213 
9500	-499473.843750	0.459213 
9510	-499473.968750	0.459213 
9520	-499473.843750	0.459213 
9530	-499473.968750	0.459213 
9540	-499473.937500	0.459213 
9550	-499473.937500	0.459213 
9560	-499473.937500	0.459213 
9570	-499473.906250	0.459213 
9580	-499473.937500	0.459213 
9590	-499473.968750	0.459213 
9600	-499473.843750	0.459213 
9610	-499473.843750	0.459213 
9620	-499473.906250	0.459213 
9630	-499473.906250	0.459213 
9640	-499473.875000	0.459213 
9650	-499473.781250	0.459213 
9660	-499473.843750	0.459213 
9670	-499473.875000	0.459213 
9680	-499473.875000	0.459213 
9690	-499473.843750	0.459213 
9700	-499473.781250	0.459213 
9710	-499474.000000	0.459213 
9720	-499473.906250	0.459213 
9730	-499473.937500	0.459213 
9740	-499473.937500	0.459213 
9750	-499473.906250	0.459213 
9760	-499473.875000	0.459213 
9770	-499473.843750	0.459213 
9780	-499473.937500	0.459213 
9790	-499473.875000	0.459213 
9800	-499473.843750	0.459213 
9810	-499473.906250	0.459213 
9820	-499473.937500	0.459213 
9830	-499473.937500	0.459213 
9840	-499473.843750	0.459213 
9850	-499473.843750	0.459213 
9860	-499473.906250	0.459213 
9870	-499473.875000	0.459213 
9880	-499473.875000	0.459213 
9890	-499473.906250	0.459213 
9900	-499473.906250	0.459213 
9910	-499473.875000	0.459213 
9920	-499473.843750	0.459213 
9930	-499473.906250	0.459213 
9940	-499474.000000	0.459213 
9950	-499473.875000	0.459213 
9960	-499473.812500	0.459213 
9970	-499473.875000	0.459213 
9980	-499473.968750	0.459213 
9990	-499473.812500	0.459213 
